9
25 4
1 1 1 0 
1 1 1 1 
1 1 1 1 
0 0 1 0 
1 1 1 1 
1 1 0 1 
0 1 1 1 
1 1 1 0 
0 1 0 1 
1 1 0 1 
1 1 1 0 
0 1 1 0 
1 0 0 1 
0 1 1 0 
0 1 1 0 
1 1 1 0 
0 1 1 1 
1 1 0 0 
1 1 1 0 
1 1 1 0 
1 1 1 1 
1 0 1 0 
0 1 0 1 
1 1 0 0 
1 1 1 1 
25 30
1 1 1 0 1 1 1 1 1 1 0 1 1 1 1 1 1 1 0 1 1 0 1 1 0 1 0 0 1 1 
0 0 0 0 1 1 1 1 1 1 1 1 1 1 0 0 1 1 0 0 1 1 1 0 0 1 1 0 0 0 
1 0 1 1 1 0 1 0 0 1 1 1 1 1 1 1 1 1 1 0 0 0 0 1 1 0 1 1 1 1 
0 1 1 1 1 1 1 1 1 1 1 1 1 0 0 0 0 1 1 1 1 1 0 0 1 1 0 1 1 1 
1 1 1 0 1 1 1 1 1 1 1 0 1 1 1 0 1 1 1 1 1 1 0 1 1 1 0 1 1 1 
1 1 1 1 1 1 0 1 1 1 1 1 0 1 1 0 1 0 1 1 1 1 0 1 1 0 1 0 0 1 
0 0 1 1 1 1 1 1 1 1 1 0 1 1 1 0 1 1 1 1 0 0 0 1 1 0 0 1 1 0 
0 0 1 0 1 1 1 1 1 1 0 0 0 1 1 1 1 1 0 1 0 0 1 0 0 1 1 1 1 0 
0 1 1 0 1 0 1 1 0 1 1 0 0 1 1 0 1 0 1 1 1 1 0 1 0 0 1 0 1 1 
0 1 1 1 1 1 1 0 1 1 1 0 1 1 1 0 0 1 1 0 0 0 1 1 1 1 1 0 0 1 
0 1 1 1 1 1 0 1 1 1 0 1 0 1 1 0 1 1 1 0 1 1 1 1 1 1 0 1 1 0 
0 1 0 1 1 1 0 0 1 1 0 1 1 1 0 1 1 0 1 1 0 1 1 1 1 0 1 0 1 1 
1 0 1 0 0 1 1 1 1 0 0 1 1 1 1 1 1 1 1 0 0 1 1 0 0 1 1 0 0 1 
1 1 1 0 1 1 0 0 1 1 0 1 1 1 1 0 1 1 0 0 0 1 0 0 0 0 0 1 1 1 
0 1 0 1 1 1 1 1 1 1 0 1 1 1 0 1 0 0 0 1 0 1 1 0 1 0 1 1 1 1 
1 1 1 0 0 1 1 1 1 0 1 1 1 1 0 0 1 1 1 1 1 0 1 1 1 1 1 1 1 1 
1 1 1 1 1 0 0 1 0 1 1 0 0 1 1 1 0 1 0 1 1 1 0 1 1 0 0 0 1 0 
0 0 0 1 1 1 0 0 1 1 0 0 0 1 0 0 1 0 1 1 0 1 0 1 1 0 0 1 0 0 
1 1 1 1 1 1 1 1 1 1 0 1 1 1 1 1 0 1 0 0 1 0 0 1 0 1 1 1 1 0 
1 0 1 0 0 1 1 0 1 1 0 1 0 1 0 1 1 0 1 1 1 1 0 0 0 1 1 1 1 1 
1 0 0 0 1 0 1 1 1 1 1 0 0 1 1 0 1 1 1 1 1 1 1 1 1 1 1 1 1 1 
1 1 1 1 1 1 1 1 1 1 0 1 1 1 1 1 1 1 1 0 1 1 1 1 1 1 0 1 1 1 
1 1 1 1 0 1 0 1 1 1 1 0 1 1 1 0 1 0 1 0 0 1 0 1 1 1 1 0 1 0 
1 1 1 1 1 0 1 1 1 1 1 1 1 1 1 1 1 1 0 1 1 1 1 1 1 0 0 1 1 1 
1 0 0 1 1 1 1 0 0 0 1 0 0 0 1 0 1 1 1 1 1 1 0 1 1 1 1 0 0 1 
8 33
1 1 1 1 0 1 1 1 0 0 1 1 1 0 1 1 1 1 1 0 1 1 1 1 1 1 0 1 1 1 1 1 0 
0 0 1 1 0 0 1 1 0 1 1 0 0 1 1 1 1 0 0 1 1 1 1 0 1 0 0 1 1 1 1 0 0 
1 0 0 0 1 1 1 1 1 1 0 1 1 1 0 0 1 1 1 1 1 0 0 1 1 0 1 1 0 0 1 1 1 
1 1 0 1 0 0 0 1 1 1 1 1 1 1 1 1 0 1 0 1 1 1 1 1 0 1 1 0 1 0 0 1 1 
1 1 1 0 1 0 0 1 1 0 1 1 1 1 1 1 0 1 1 1 1 1 1 1 0 1 1 1 0 0 0 1 1 
1 1 1 1 1 1 1 1 0 0 0 0 1 0 1 1 1 0 1 0 0 0 0 1 1 1 1 1 0 1 0 1 1 
1 1 1 1 1 0 0 1 1 1 1 0 1 0 1 0 1 1 0 1 1 1 0 1 1 0 1 1 0 0 0 1 0 
1 1 1 1 0 1 1 0 1 0 0 1 1 0 0 0 1 1 1 1 1 1 1 0 0 0 0 1 1 1 1 1 1 
35 26
1 1 1 1 1 0 0 0 1 0 1 0 1 0 1 1 0 1 1 1 1 1 1 1 0 0 
1 1 1 1 1 1 0 0 0 0 1 1 0 1 1 1 0 1 0 1 1 1 1 0 0 1 
1 1 0 1 0 1 1 1 0 0 1 0 0 1 1 0 1 0 0 0 0 0 1 1 1 1 
0 1 0 1 0 1 1 1 0 1 1 1 1 1 1 0 1 1 1 1 1 0 1 1 1 0 
1 0 1 1 0 1 0 1 1 1 0 1 1 1 1 1 0 0 1 0 1 0 1 1 1 1 
0 0 1 1 0 0 1 0 1 0 1 0 0 1 0 1 1 0 1 1 1 1 1 0 1 1 
0 1 0 0 1 1 1 0 0 1 1 1 1 0 0 0 0 1 1 0 0 1 1 0 1 1 
0 1 0 1 0 1 0 1 1 0 0 1 0 1 0 1 1 0 0 1 1 1 1 0 0 0 
1 0 1 1 1 0 1 1 0 0 1 1 0 0 1 0 1 1 1 1 1 1 1 1 0 1 
0 0 1 1 1 0 1 1 1 1 1 1 0 1 1 1 1 1 1 0 1 1 1 1 1 0 
1 1 0 0 1 1 1 0 1 1 1 1 1 1 1 0 1 0 1 1 1 1 1 0 1 0 
1 1 1 1 1 1 1 1 1 1 1 0 1 1 0 0 0 1 1 1 0 1 0 1 1 1 
1 1 1 1 0 1 1 1 0 1 1 1 1 1 1 1 0 1 0 1 0 1 0 0 0 1 
1 1 1 1 0 1 1 1 1 1 0 0 1 0 1 1 1 1 1 0 1 1 1 1 1 0 
0 1 1 0 1 0 1 1 0 0 1 0 1 1 1 1 1 1 0 1 1 1 1 1 1 1 
0 1 0 0 1 0 0 1 1 1 1 0 1 0 1 1 1 0 1 1 1 0 1 1 0 1 
0 0 1 1 0 1 1 0 1 0 0 1 0 0 0 1 1 0 0 1 0 0 0 1 1 1 
0 0 0 1 1 1 1 1 0 0 1 1 0 1 0 1 1 1 1 1 0 1 1 0 0 0 
0 1 1 1 1 1 1 0 1 1 1 1 0 1 0 0 1 1 0 1 1 1 1 1 1 1 
0 1 1 1 1 1 1 1 1 1 1 1 0 1 0 1 1 0 1 1 0 1 1 1 0 1 
1 1 1 0 1 0 1 1 0 1 1 1 1 0 1 1 1 1 0 0 1 1 0 1 1 1 
1 1 1 1 0 1 1 0 1 1 1 1 1 1 0 0 1 0 0 1 1 0 1 1 0 1 
1 1 0 1 1 1 0 1 0 1 1 1 1 1 1 1 0 0 1 1 1 1 1 1 1 0 
1 1 1 1 0 1 0 1 0 0 0 1 0 0 1 1 0 0 1 0 1 0 1 1 0 1 
0 1 1 1 1 0 1 1 1 0 0 1 1 0 1 1 0 0 0 1 1 1 0 0 1 1 
1 1 1 1 0 1 1 0 1 0 1 1 1 1 1 1 0 1 0 1 0 0 1 1 1 1 
1 0 1 0 1 0 1 1 0 1 1 1 0 0 0 1 1 0 1 1 1 1 1 0 1 0 
0 0 1 0 1 1 1 0 1 0 0 0 0 1 0 0 1 1 1 1 0 0 0 0 0 0 
0 1 1 0 1 1 0 1 1 0 0 1 1 1 0 1 0 0 1 0 0 1 1 1 1 1 
1 0 0 1 1 0 1 1 0 1 1 1 1 1 0 1 1 0 1 1 1 1 1 1 1 0 
0 1 0 1 1 1 0 0 1 1 1 1 1 0 1 0 0 1 1 1 0 1 1 0 1 0 
1 0 0 0 1 0 0 1 1 1 1 1 0 0 0 0 1 1 1 1 1 1 0 1 1 1 
1 1 1 1 0 1 1 1 1 1 1 0 0 1 0 0 0 0 1 1 1 0 0 1 0 1 
1 1 1 1 0 0 0 1 1 1 1 1 1 1 1 1 1 1 1 1 1 0 1 1 1 1 
0 1 1 1 1 0 1 1 1 0 1 1 1 0 1 1 0 1 0 1 1 1 1 1 1 1 
36 25
1 0 0 1 1 1 1 0 0 0 1 1 1 1 0 1 0 0 1 1 0 1 1 1 1 
1 1 0 1 0 1 0 1 0 1 1 1 1 1 1 0 1 1 1 0 0 0 0 1 1 
1 0 1 1 1 0 0 1 0 0 0 1 1 1 1 0 1 1 1 1 1 1 1 1 1 
1 1 1 1 1 1 0 0 0 1 1 1 1 1 0 0 1 1 1 1 1 1 1 1 1 
1 0 1 1 1 1 0 1 1 1 0 0 1 1 0 1 1 1 1 0 1 1 1 0 1 
1 0 1 0 1 1 1 1 1 1 0 1 1 1 0 1 0 1 1 1 1 1 1 1 1 
1 1 1 1 1 1 0 1 1 1 1 0 0 0 1 1 1 1 0 1 1 0 0 0 1 
1 0 0 1 1 1 1 0 1 0 1 1 0 1 0 1 1 1 0 0 0 0 0 1 1 
1 1 1 1 0 0 1 0 1 1 1 1 1 1 1 1 0 1 1 1 1 1 0 1 0 
1 0 1 1 1 1 0 0 1 1 0 1 0 1 1 1 1 1 0 0 1 1 1 1 1 
0 1 1 1 0 1 0 0 0 1 0 0 0 0 1 0 1 0 1 0 0 1 0 1 0 
1 1 0 0 1 1 1 0 0 1 1 0 1 1 1 1 0 1 1 1 1 1 1 1 1 
0 1 1 1 1 1 0 0 1 1 1 1 1 0 1 1 1 1 0 0 0 1 0 0 1 
1 0 1 1 1 1 1 1 1 1 0 1 1 0 1 1 0 1 1 1 1 1 1 0 0 
1 1 1 1 0 1 1 0 1 0 1 1 1 0 0 1 1 1 0 0 1 1 1 0 1 
1 1 0 1 0 0 0 1 0 1 1 1 1 1 1 0 1 1 1 1 1 0 1 0 1 
0 1 1 1 1 0 1 0 1 1 1 1 1 1 1 0 1 0 1 0 1 0 1 1 1 
1 1 0 1 0 0 0 1 0 0 1 1 0 0 0 1 0 1 0 1 1 1 0 1 0 
1 1 1 1 0 0 1 0 0 1 0 0 0 1 1 0 1 1 1 1 1 1 1 1 1 
1 1 1 1 1 1 1 1 1 1 1 1 0 1 1 1 1 0 0 1 0 1 1 1 0 
1 1 0 1 1 0 0 1 1 1 0 1 1 1 1 1 0 1 0 1 1 0 1 1 0 
1 1 1 1 1 1 1 1 1 0 1 1 0 1 1 0 0 1 1 0 0 1 1 1 0 
1 0 1 0 1 0 1 0 1 1 1 1 1 1 0 0 1 0 1 0 0 0 1 0 1 
1 1 1 1 1 1 1 1 1 0 0 0 1 1 1 0 1 1 0 0 1 0 1 0 1 
1 1 1 0 0 1 1 0 0 1 0 0 1 1 1 1 1 1 1 0 1 0 1 1 1 
1 0 1 1 0 0 1 1 1 1 0 0 1 1 0 1 1 1 1 1 1 0 0 1 1 
1 1 1 0 0 0 0 0 1 1 1 0 1 1 0 0 1 0 1 1 0 0 1 1 0 
1 1 1 1 0 0 0 1 0 1 1 1 1 1 1 1 1 1 1 1 0 1 1 1 1 
1 1 1 1 1 0 1 0 0 1 1 1 1 1 1 1 0 1 0 0 1 1 1 0 1 
0 1 0 1 1 0 1 1 1 1 1 0 1 1 1 1 0 1 1 1 0 1 0 1 0 
1 1 1 0 1 1 1 1 1 1 1 1 1 1 1 1 1 0 1 0 1 1 1 1 1 
1 1 1 1 0 1 1 1 0 1 1 0 1 1 0 1 0 0 1 0 0 1 1 1 1 
1 1 0 1 0 1 1 0 1 1 1 1 0 1 0 1 1 0 0 1 0 0 0 1 0 
1 1 0 1 0 1 0 1 1 1 1 0 1 1 0 1 1 1 1 1 0 1 1 1 1 
0 1 1 1 0 1 0 1 0 1 1 1 1 0 1 0 1 0 1 1 1 1 0 1 0 
1 1 1 0 1 1 1 1 0 1 1 0 1 1 1 0 0 1 1 0 0 0 0 1 1 
3 25
1 1 1 1 1 1 1 1 1 1 1 0 1 0 1 0 1 1 1 0 0 0 1 1 1 
0 0 1 0 1 1 1 1 1 1 1 1 1 1 0 1 1 1 1 1 0 0 0 1 0 
1 1 1 0 0 1 1 1 1 1 1 1 1 0 0 1 1 1 0 1 0 0 1 0 1 
20 31
1 1 1 1 0 1 0 1 1 1 1 1 1 1 1 0 1 0 1 1 1 0 1 1 0 1 1 0 1 1 1 
0 0 0 1 1 0 0 1 0 1 1 1 1 1 1 1 1 0 0 0 1 1 1 0 1 1 0 0 0 0 1 
0 1 0 1 0 1 1 1 1 0 1 0 0 1 1 1 1 1 1 1 0 1 1 1 0 1 1 1 1 0 0 
1 1 0 0 1 1 0 1 0 1 0 0 1 0 1 1 0 1 0 1 0 1 0 0 1 0 0 1 1 1 0 
1 1 1 1 1 1 1 1 1 1 1 0 1 0 0 0 0 1 0 1 0 1 1 1 0 0 0 0 1 1 0 
1 1 0 1 1 1 0 0 0 0 0 1 1 1 1 0 1 1 1 0 0 0 0 1 1 0 1 1 0 1 1 
1 1 1 1 0 1 1 0 1 1 1 1 1 1 1 1 0 0 1 1 1 1 0 1 1 1 1 1 0 1 0 
1 1 0 1 1 1 1 1 1 1 1 0 1 1 1 0 1 1 1 1 1 1 1 0 1 1 1 1 1 0 0 
1 1 0 1 1 1 1 0 1 1 1 0 1 1 0 0 1 1 0 0 1 1 0 1 1 1 1 1 0 0 1 
1 0 1 0 1 1 1 1 1 0 1 1 0 0 1 1 0 1 1 0 1 1 1 1 1 0 0 0 1 1 0 
1 0 1 1 1 1 1 1 1 1 0 1 0 0 1 1 1 1 1 0 1 0 1 1 1 0 1 1 0 1 0 
1 0 1 1 1 0 1 1 0 0 1 1 1 0 1 1 1 1 1 1 1 1 1 1 1 1 1 0 0 0 1 
0 1 1 1 1 0 1 1 1 1 0 1 0 0 1 1 0 0 1 1 1 0 0 1 1 1 1 1 0 1 1 
0 1 1 1 1 0 0 1 1 1 1 0 1 1 1 1 1 1 1 1 1 1 1 0 1 1 1 1 0 1 1 
1 1 1 1 1 0 1 1 1 1 1 0 0 1 1 0 1 1 1 0 1 1 1 1 1 1 1 0 1 1 1 
0 1 1 0 0 0 1 0 0 0 1 0 0 1 1 0 1 1 0 1 0 0 1 0 0 1 1 0 1 1 1 
0 0 1 1 0 1 1 0 1 1 1 1 0 1 1 1 1 1 1 0 1 1 0 1 1 0 0 0 1 1 1 
0 1 1 0 1 1 1 1 1 0 1 1 0 0 1 0 1 1 0 0 0 1 0 0 0 1 0 1 1 1 1 
1 1 1 0 1 1 1 0 1 0 1 1 1 1 1 1 1 1 0 1 0 1 1 1 0 1 0 1 1 0 1 
0 1 0 1 1 1 0 0 1 0 1 1 0 1 0 0 1 1 1 1 1 0 1 1 1 1 1 1 1 1 1 
36 26
1 0 1 1 1 0 0 0 1 1 1 0 1 0 1 0 1 0 1 0 1 0 1 1 0 1 
1 1 1 1 0 0 1 1 0 1 0 0 1 1 0 0 0 1 0 0 1 1 0 0 1 0 
1 1 0 1 0 1 0 0 1 1 0 1 1 1 0 1 1 1 0 1 1 1 0 0 1 1 
1 1 1 1 0 1 1 1 1 0 0 1 1 1 1 1 1 0 0 1 1 1 1 0 1 0 
1 1 0 0 1 0 0 1 1 1 1 1 1 1 0 1 1 1 0 1 0 1 1 0 0 1 
1 1 1 1 0 0 1 0 1 1 1 1 0 1 0 0 0 1 1 1 0 1 0 1 0 1 
1 1 0 1 1 1 1 0 1 0 1 1 1 1 0 0 1 1 0 1 1 0 1 0 0 0 
1 0 1 1 0 0 0 1 0 1 0 1 1 1 1 0 1 0 1 1 0 0 1 0 0 1 
1 0 1 1 1 1 1 0 0 1 1 1 1 0 1 1 1 0 1 1 0 0 1 0 1 0 
1 1 1 1 0 0 0 0 0 0 1 1 1 1 1 1 1 1 0 1 1 1 1 1 1 1 
1 0 1 1 1 1 0 1 0 1 1 1 1 1 1 0 0 0 1 1 0 0 0 1 0 1 
1 1 0 1 1 1 0 1 0 1 1 0 1 0 0 1 0 1 1 1 1 1 0 0 1 1 
0 0 1 1 0 0 1 0 1 1 1 0 1 1 1 1 1 0 0 1 1 0 0 0 0 1 
0 1 0 1 1 1 1 1 1 0 1 1 1 0 1 1 1 1 0 0 0 1 1 1 0 1 
0 0 1 0 1 1 0 1 0 1 1 1 1 1 1 1 0 0 1 1 1 0 1 0 0 1 
1 1 1 1 1 0 1 1 0 1 1 1 1 0 1 1 0 1 0 1 1 0 1 1 1 1 
1 1 0 0 0 1 1 1 0 0 1 0 1 1 1 1 1 0 1 1 1 1 1 1 0 1 
1 1 1 1 1 1 1 1 1 1 1 1 1 1 1 1 0 1 1 1 1 0 1 1 1 1 
1 0 0 1 0 1 1 1 1 0 1 1 0 1 1 1 0 1 1 1 0 0 0 1 1 1 
1 0 1 0 1 1 1 1 1 1 1 1 0 1 1 0 0 0 1 1 1 1 1 0 1 0 
0 1 1 0 1 1 1 1 1 1 1 1 1 1 1 1 0 1 1 0 0 1 1 1 1 1 
0 1 0 1 1 1 1 1 0 1 1 1 1 1 1 0 1 1 1 0 1 0 0 0 1 1 
0 1 0 1 0 1 1 0 0 1 1 0 0 1 1 0 1 1 0 1 0 1 0 0 1 1 
1 1 1 1 0 1 1 1 1 1 0 1 1 1 1 0 1 1 0 0 1 0 1 0 1 1 
1 1 1 1 0 1 0 0 0 1 1 1 0 1 0 0 1 1 1 1 1 1 1 1 1 0 
0 0 0 1 1 0 1 0 0 0 1 1 0 1 1 1 0 1 0 1 0 1 1 1 1 1 
1 0 1 0 0 1 0 1 0 0 1 1 1 0 1 1 1 0 0 0 0 0 1 1 1 1 
1 1 0 1 1 0 1 1 1 1 1 0 1 1 1 0 1 1 0 1 1 1 1 1 1 1 
0 1 1 0 1 0 0 1 1 0 0 0 1 0 0 0 1 1 1 1 1 1 1 1 1 1 
0 0 1 1 0 0 1 0 0 1 1 1 0 1 1 1 1 0 1 0 1 0 1 0 1 1 
1 1 1 1 1 0 1 0 1 1 1 0 0 0 1 1 1 1 1 1 1 1 1 0 1 1 
0 1 1 1 1 1 1 0 1 1 0 0 0 1 1 0 1 1 0 0 1 0 0 1 1 1 
0 0 1 0 1 0 1 1 1 0 1 1 1 1 0 1 1 1 1 1 1 1 0 1 1 0 
1 1 1 0 1 0 1 1 0 0 1 1 0 1 1 0 1 1 1 1 0 1 0 0 1 1 
1 0 1 0 1 1 1 1 1 1 1 0 1 1 1 1 0 1 1 0 1 1 0 0 0 1 
0 1 0 0 1 1 1 1 1 1 1 0 1 1 0 0 1 1 0 1 1 1 1 0 0 1 
27 47
1 1 1 1 1 1 0 1 1 1 1 0 0 0 1 0 1 1 1 1 1 0 0 1 0 1 1 1 1 0 1 1 1 1 1 1 0 1 0 1 0 0 0 0 1 1 0 
0 0 1 1 0 1 1 1 1 1 1 1 1 1 1 1 1 0 0 0 1 1 1 1 0 1 1 0 0 1 1 1 1 1 1 1 0 1 1 1 0 1 1 1 1 1 1 
1 1 1 1 1 1 1 0 1 0 1 0 0 0 1 1 0 1 0 1 1 1 0 0 1 1 1 0 1 1 1 0 1 1 0 1 1 1 0 1 0 0 1 0 1 1 0 
1 1 1 1 1 1 1 1 0 1 1 1 0 1 1 0 1 0 1 1 1 1 1 1 0 1 1 1 0 1 1 1 0 1 0 0 0 1 1 1 0 1 1 1 1 1 0 
1 0 0 1 1 0 1 1 1 1 1 0 0 1 1 1 1 1 0 1 1 1 1 1 0 1 1 1 1 1 1 1 1 0 0 1 1 1 1 1 1 1 1 0 1 0 0 
1 1 1 1 1 1 1 1 1 1 0 0 0 1 0 1 0 0 1 0 1 1 1 0 1 1 1 1 1 1 0 1 0 0 1 1 1 1 1 1 1 0 1 1 1 0 1 
0 0 1 0 0 0 1 1 1 1 0 1 1 1 1 1 1 0 1 0 0 0 1 1 1 1 1 0 1 1 1 1 0 1 1 1 0 0 1 1 1 0 1 1 1 1 1 
0 0 1 0 1 0 0 0 1 1 1 1 1 1 1 1 1 1 0 1 0 0 0 0 0 1 0 1 1 0 1 0 0 0 1 1 1 1 0 1 1 0 0 0 1 0 0 
1 0 1 1 1 1 0 0 0 1 1 1 0 0 1 1 0 1 0 1 0 1 1 1 1 0 0 1 1 1 1 1 1 1 1 0 0 1 0 1 0 1 0 1 1 1 0 
1 1 1 1 1 0 1 1 0 0 1 1 0 1 0 1 0 0 1 1 1 0 1 1 1 1 1 0 1 1 0 1 1 1 0 1 1 1 1 0 1 0 1 1 0 1 1 
1 0 1 1 1 0 1 0 1 1 1 1 0 1 1 0 1 0 1 1 0 1 1 0 0 0 1 0 1 0 1 0 0 0 1 0 1 1 1 1 1 1 0 0 1 0 0 
0 1 1 0 1 1 1 1 1 1 1 1 0 1 1 1 1 1 1 1 0 1 0 1 1 1 0 1 0 1 1 0 0 0 1 0 1 0 1 0 1 0 1 0 0 0 0 
0 1 1 1 0 1 1 1 1 0 1 1 1 1 1 1 0 0 0 1 0 1 1 1 0 0 1 1 1 1 1 1 1 1 1 1 0 0 1 0 1 0 1 1 0 0 0 
0 1 0 1 0 0 1 0 1 1 1 1 0 1 1 1 1 1 1 0 0 0 1 1 1 0 1 1 0 0 1 0 0 1 0 0 0 1 1 1 1 0 0 0 1 0 1 
1 1 1 1 1 1 1 1 1 1 0 0 1 1 0 1 0 0 1 0 1 0 1 1 1 0 1 0 1 0 0 0 1 1 1 1 1 1 0 0 0 1 1 1 1 1 1 
0 0 1 0 0 1 1 1 1 1 0 0 1 0 1 1 1 1 1 1 0 1 1 1 1 1 1 0 1 1 1 0 1 1 0 1 1 0 1 0 1 1 0 0 1 0 1 
1 1 0 1 1 0 1 1 1 1 1 0 1 1 1 1 1 0 0 1 1 0 0 1 1 1 0 1 1 0 1 1 1 1 1 1 1 0 1 1 1 0 0 1 1 1 1 
1 1 0 1 0 0 1 0 1 0 1 1 0 0 1 1 0 0 1 1 0 0 0 1 0 1 0 0 1 1 0 0 0 1 0 1 1 1 1 1 1 1 0 0 1 1 1 
1 1 1 1 0 1 1 0 0 0 1 1 1 0 1 0 0 0 1 1 1 1 1 1 0 1 1 0 0 1 1 0 0 0 1 1 0 1 1 1 1 1 0 1 1 0 0 
1 1 1 1 0 1 1 0 0 1 0 0 0 0 0 0 1 1 0 0 1 0 0 1 1 1 1 1 0 1 1 0 1 1 0 0 0 1 1 0 0 1 1 1 1 0 1 
1 0 0 1 0 0 0 1 0 0 0 0 0 1 1 1 1 0 0 1 1 0 1 0 1 0 1 1 0 1 1 0 1 1 0 1 1 0 1 0 1 1 1 1 1 1 1 
1 1 1 0 1 1 0 1 1 0 1 0 1 0 1 1 0 0 1 1 0 0 1 0 1 1 0 1 0 0 0 0 1 1 1 0 1 0 1 0 0 0 1 1 1 1 1 
1 1 1 1 1 1 1 1 1 0 1 1 1 1 1 1 0 1 1 1 1 0 0 1 1 0 1 0 1 1 1 0 1 1 1 1 0 1 1 1 0 1 0 1 0 0 0 
1 0 1 1 0 1 0 1 1 0 1 0 1 1 0 1 1 0 1 0 0 1 1 0 1 1 1 1 1 1 1 1 0 1 0 0 0 1 1 1 1 1 0 0 1 1 1 
1 0 1 1 1 0 0 1 1 0 1 1 1 1 0 1 1 1 0 1 0 1 0 0 1 0 1 0 1 1 1 1 1 1 0 1 1 1 1 0 1 0 1 1 0 1 0 
1 0 0 1 1 1 0 1 0 0 0 0 1 1 1 0 0 0 1 0 0 0 0 0 0 1 1 0 0 0 1 0 1 0 1 0 1 0 1 1 0 0 1 1 1 0 1 
0 1 1 1 1 1 1 1 1 0 1 0 0 1 1 1 0 1 1 1 1 1 0 1 1 1 1 1 1 1 1 1 0 0 1 1 1 1 0 1 0 1 1 1 1 0 1 
